user12   47578 45578 450  480  502  1432
user11   14578 45578 450  480  501  1431
user2    47578 45578 450  480  500  1430
user1    45578 45578 450  480  500  1430
user19   21178 45578 450  450  501  1401
user9    25578 45578 450  450  500  1400
user20   71118 45578 450  450  201  1101
user10   75548 45578 450  450  200  1100
user16   41188 45578 90   80   81   251 
user6    45588 45578 90   80   80   250 
user15   15178 45578 70   40   61   171 
user5    45878 45578 70   40   60   170 
user3    45867 25846 81   0    0    81  
user13   15867 25846 0    74   2    76  
¶­çù     66666 66666 72   0    0    72  
user18   11151 46891 50   20   1    71  
user8    18751 46891 50   20   0    70  
11       12345 12345 69   0    0    69  
user17   71867 25846 20   0    1    21  
user7    75867 25846 20   0    0    20  
user14   18751 46891 5    0    2    7   
user4    48751 46891 104  0    0    104 
